# idx  color   k1 k2 s1 s2    n1 m1 n2 m2
     0      0     1   3  -1   -1     0   0   0    3
     1      0     1   3  -1   -1     0   1   0    2
     2      0     1   3  -1   -1     0   2   0    1
     3      0     1   3  -1   -1     0   3   0    0
     4      0     1   3   1   -1     0  -1   0    2
     5      0     1   3   1   -1     0   0   0    1
     6      0     1   3   1   -1     0   1   0    0
     7      0     1   3   1   -1     0   2   0   -1
     8      0     1   3   1   -1     1   0   0    1
     9      0     1   3   1   -1     1   1   0    0
    10      0     1   3   1   -1     0   0   1    1
    11      0     1   3   1   -1     0   1   1    0
    12      0     1   3  -1    1     0  -1   0    2
    13      0     1   3  -1    1     0   0   0    1
    14      0     1   3  -1    1     0   1   0    0
    15      0     1   3  -1    1     0   2   0   -1
    16      0     1   3  -1    1     1   0   0    1
    17      0     1   3  -1    1     1   1   0    0
    18      0     1   3  -1    1     0   0   1    1
    19      0     1   3  -1    1     0   1   1    0
    20      0     1   3   1    1     0  -2   0    1
    21      0     1   3   1    1     0  -1   0    0
    22      0     1   3   1    1     0   0   0   -1
    23      0     1   3   1    1     0   1   0   -2
    24      0     1   3   1    1     1  -1   0    0
    25      0     1   3   1    1     1   0   0   -1
    26      0     1   3   1    1     0  -1   1    0
    27      0     1   3   1    1     0   0   1   -1
    28      0     2   2  -1   -1     0   0   0    3
    29      0     2   2  -1   -1     0   1   0    2
    30      0     2   2  -1   -1     0   2   0    1
    31      0     2   2  -1   -1     0   3   0    0
    32      0     2   2   1   -1     0  -1   0    2
    33      0     2   2   1   -1     0   0   0    1
    34      0     2   2   1   -1     0   1   0    0
    35      0     2   2   1   -1     0   2   0   -1
    36      0     2   2   1   -1     1   0   0    1
    37      0     2   2   1   -1     1   1   0    0
    38      0     2   2   1   -1     0   0   1    1
    39      0     2   2   1   -1     0   1   1    0
    40      0     2   2  -1    1     0  -1   0    2
    41      0     2   2  -1    1     0   0   0    1
    42      0     2   2  -1    1     0   1   0    0
    43      0     2   2  -1    1     0   2   0   -1
    44      0     2   2  -1    1     1   0   0    1
    45      0     2   2  -1    1     1   1   0    0
    46      0     2   2  -1    1     0   0   1    1
    47      0     2   2  -1    1     0   1   1    0
    48      0     2   2   1    1     0  -2   0    1
    49      0     2   2   1    1     0  -1   0    0
    50      0     2   2   1    1     0   0   0   -1
    51      0     2   2   1    1     0   1   0   -2
    52      0     2   2   1    1     1  -1   0    0
    53      0     2   2   1    1     1   0   0   -1
    54      0     2   2   1    1     0  -1   1    0
    55      0     2   2   1    1     0   0   1   -1
    56      0     3   1  -1   -1     0   0   0    3
    57      0     3   1  -1   -1     0   1   0    2
    58      0     3   1  -1   -1     0   2   0    1
    59      0     3   1  -1   -1     0   3   0    0
    60      0     3   1   1   -1     0  -1   0    2
    61      0     3   1   1   -1     0   0   0    1
    62      0     3   1   1   -1     0   1   0    0
    63      0     3   1   1   -1     0   2   0   -1
    64      0     3   1   1   -1     1   0   0    1
    65      0     3   1   1   -1     1   1   0    0
    66      0     3   1   1   -1     0   0   1    1
    67      0     3   1   1   -1     0   1   1    0
    68      0     3   1  -1    1     0  -1   0    2
    69      0     3   1  -1    1     0   0   0    1
    70      0     3   1  -1    1     0   1   0    0
    71      0     3   1  -1    1     0   2   0   -1
    72      0     3   1  -1    1     1   0   0    1
    73      0     3   1  -1    1     1   1   0    0
    74      0     3   1  -1    1     0   0   1    1
    75      0     3   1  -1    1     0   1   1    0
    76      0     3   1   1    1     0  -2   0    1
    77      0     3   1   1    1     0  -1   0    0
    78      0     3   1   1    1     0   0   0   -1
    79      0     3   1   1    1     0   1   0   -2
    80      0     3   1   1    1     1  -1   0    0
    81      0     3   1   1    1     1   0   0   -1
    82      0     3   1   1    1     0  -1   1    0
    83      0     3   1   1    1     0   0   1   -1
    84      1     1   3  -1   -1     0   0   0    3
    85      1     1   3  -1   -1     0   1   0    2
    86      1     1   3  -1   -1     0   2   0    1
    87      1     1   3  -1   -1     0   3   0    0
    88      1     1   3   1   -1     0  -1   0    2
    89      1     1   3   1   -1     0   0   0    1
    90      1     1   3   1   -1     0   1   0    0
    91      1     1   3   1   -1     0   2   0   -1
    92      1     1   3   1   -1     1   0   0    1
    93      1     1   3   1   -1     1   1   0    0
    94      1     1   3   1   -1     0   0   1    1
    95      1     1   3   1   -1     0   1   1    0
    96      1     1   3  -1    1     0  -1   0    2
    97      1     1   3  -1    1     0   0   0    1
    98      1     1   3  -1    1     0   1   0    0
    99      1     1   3  -1    1     0   2   0   -1
   100      1     1   3  -1    1     1   0   0    1
   101      1     1   3  -1    1     1   1   0    0
   102      1     1   3  -1    1     0   0   1    1
   103      1     1   3  -1    1     0   1   1    0
   104      1     1   3   1    1     0  -2   0    1
   105      1     1   3   1    1     0  -1   0    0
   106      1     1   3   1    1     0   0   0   -1
   107      1     1   3   1    1     0   1   0   -2
   108      1     1   3   1    1     1  -1   0    0
   109      1     1   3   1    1     1   0   0   -1
   110      1     1   3   1    1     0  -1   1    0
   111      1     1   3   1    1     0   0   1   -1
   112      1     2   2  -1   -1     0   0   0    3
   113      1     2   2  -1   -1     0   1   0    2
   114      1     2   2  -1   -1     0   2   0    1
   115      1     2   2  -1   -1     0   3   0    0
   116      1     2   2   1   -1     0  -1   0    2
   117      1     2   2   1   -1     0   0   0    1
   118      1     2   2   1   -1     0   1   0    0
   119      1     2   2   1   -1     0   2   0   -1
   120      1     2   2   1   -1     1   0   0    1
   121      1     2   2   1   -1     1   1   0    0
   122      1     2   2   1   -1     0   0   1    1
   123      1     2   2   1   -1     0   1   1    0
   124      1     2   2  -1    1     0  -1   0    2
   125      1     2   2  -1    1     0   0   0    1
   126      1     2   2  -1    1     0   1   0    0
   127      1     2   2  -1    1     0   2   0   -1
   128      1     2   2  -1    1     1   0   0    1
   129      1     2   2  -1    1     1   1   0    0
   130      1     2   2  -1    1     0   0   1    1
   131      1     2   2  -1    1     0   1   1    0
   132      1     2   2   1    1     0  -2   0    1
   133      1     2   2   1    1     0  -1   0    0
   134      1     2   2   1    1     0   0   0   -1
   135      1     2   2   1    1     0   1   0   -2
   136      1     2   2   1    1     1  -1   0    0
   137      1     2   2   1    1     1   0   0   -1
   138      1     2   2   1    1     0  -1   1    0
   139      1     2   2   1    1     0   0   1   -1
   140      1     3   1  -1   -1     0   0   0    3
   141      1     3   1  -1   -1     0   1   0    2
   142      1     3   1  -1   -1     0   2   0    1
   143      1     3   1  -1   -1     0   3   0    0
   144      1     3   1   1   -1     0  -1   0    2
   145      1     3   1   1   -1     0   0   0    1
   146      1     3   1   1   -1     0   1   0    0
   147      1     3   1   1   -1     0   2   0   -1
   148      1     3   1   1   -1     1   0   0    1
   149      1     3   1   1   -1     1   1   0    0
   150      1     3   1   1   -1     0   0   1    1
   151      1     3   1   1   -1     0   1   1    0
   152      1     3   1  -1    1     0  -1   0    2
   153      1     3   1  -1    1     0   0   0    1
   154      1     3   1  -1    1     0   1   0    0
   155      1     3   1  -1    1     0   2   0   -1
   156      1     3   1  -1    1     1   0   0    1
   157      1     3   1  -1    1     1   1   0    0
   158      1     3   1  -1    1     0   0   1    1
   159      1     3   1  -1    1     0   1   1    0
   160      1     3   1   1    1     0  -2   0    1
   161      1     3   1   1    1     0  -1   0    0
   162      1     3   1   1    1     0   0   0   -1
   163      1     3   1   1    1     0   1   0   -2
   164      1     3   1   1    1     1  -1   0    0
   165      1     3   1   1    1     1   0   0   -1
   166      1     3   1   1    1     0  -1   1    0
   167      1     3   1   1    1     0   0   1   -1
